0.000000 0.000000 -0.000213
0.052251 -0.002902 -0.052975
0.111164 -0.005086 -0.045598
0.163532 -0.005385 -0.034382
0.224314 -0.004370 -0.018889
0.285601 -0.003940 -0.014210
0.344219 -0.002936 -0.006634
0.397986 -0.001643 -0.002750
0.456725 -0.000504 -0.000554
0.510607 -0.000719 -0.000996
0.567194 -0.000802 -0.001818
0.623101 -0.000613 -0.000432
0.673951 -0.000165 -0.000218
0.725490 0.000188 -0.004225
0.777271 0.000481 -0.001895
0.836003 0.001170 -0.001398
0.887005 0.000737 -0.005411
0.937156 0.002205 -0.002779
0.995841 0.001937 -0.002705
1.053665 0.002819 0.000547
1.110133 0.002505 -0.000276
1.164122 0.001085 -0.005779
1.219860 0.000346 -0.006095
1.270205 0.001374 -0.005188
1.285743 -0.004893 -0.203540
1.304918 -0.006260 -0.383856
1.309851 -0.006770 -0.563895
1.321733 -0.009184 -0.752761
1.317095 -0.006973 -0.941042
1.314787 -0.009364 -1.135089
1.296616 -0.009428 -1.311093
1.301157 -0.042253 -1.495030
1.304125 -0.094644 -1.560651
1.306046 -0.150623 -1.559791
1.306170 -0.200877 -1.565330
1.307302 -0.250896 -1.564376
1.306058 -0.310412 -1.576337
EOP
